1027458
4359054
4359061
6056338
8124544
8737814
11069389
14933653
15524630
16378017
16537096
16725027
17720837
20324420
20434191
20928942
21035211
21149578
21199851
21506507
21607031
21657278
21919499
22135948
22138528
22297863
22643927
23531356
23634960
23875869
24273173
24420675
24742504
24760569
24996105
25153423
25174645
25344516
26484776
26661151
27022738
27192363
29652157
31754875
34682045
34812896
34959006
35025402
35033032
35033831
35484971
35768838
35843096
36435715
36744053
39354052
39841866
39855376
39867143
41080636
41272703
41430662
43286729
44078453
45398726
45746878
46465908
47901638
48137835
48380857
48549454
48848599
49226416
49535098
50179256
50203140
50279664
50504426
51023233
51408145
51611129
51640003
52106681
52224684
52261636
52856558
52963674
53123121
53226584
53237093
53728861
53939190
54066668
54158227
54206070
54273915
54312099
54556420
54595238
55563092
55740265
55837280
56085530
56507333
56772243
57550329
57568938
57851179
58358980
58670386
59513124
59812630
60065443
60082900
60303887
60649079
60657202
60800719
60810377
60986629
61054855
61225311
61277926
61455049
61546581
61573206
62133421
62617948
63819683
64428720
64478361
64966785
65020609
65133982
65362940
65496661
66189433
66423738
66946427
68095903
68128276
68460095
69262903
69312975
69649954
69700981
69794580
69922245
70200792
70230287
