1027460
3271018
3497740
4359039
4524111
7295736
8087366
8087796
8819664
10687971
12483533
12666409
13493939
14166964
15522215
15599741
16978220
17394825
17410904
17552715
18175521
18415021
19195767
19868780
19889148
19893013
19894433
19951359
20779191
21464832
21467525
21505275
22235592
23194097
23242578
23571875
23735596
24267993
24758754
24759886
25153311
25185476
25219783
25580526
25827521
26807673
26920512
27732957
27918518
28450536
28501330
28825798
28909945
29460225
29984108
30092615
30382989
30640671
31166790
31507923
31935263
32026716
32081593
32597149
32988850
33260205
33265128
33325411
33395761
33453961
33570151
33693995
34113238
34470137
34503416
34582497
34597599
35024024
35530101
35759510
36174060
36190693
36205031
36208035
36270201
36561669
36691088
37332650
37333268
37410779
37424512
37425426
37585008
37673354
38708913
39667998
40093486
40451154
40623487
40713161
41075677
41650473
41724363
41754745
41764142
41868368
42388182
43418731
43455977
43703784
43789817
43824307
45267685
45528409
46632750
47358047
47475409
47719243
48475418
48557412
48566767
48603804
48617982
49121546
49191686
49281947
50203306
51088121
51331639
51425069
51823413
51887950
52560467
52789041
52990743
53121168
53585255
53613013
54167315
54225237
54752633
55009808
55400788
55474761
55563201
56117309
56750328
56970006
57455124
57499584
57550576
57875604
57924560
58042988
58085787
58207225
58567143
58749107
58947850
58951555
58955278
59245127
59462641
59473987
59687011
59706852
59977449
60032006
60375692
60835674
61120511
61121144
61655638
61919861
63432587
63831703
64792394
64843801
65118028
65219355
65361590
65368627
65979498
66150505
67259939
67369247
67764997
68371366
69019583
69517945
69525370
69559746
70121268
