63925
38924
371181
106581
81424
464581
418110
232593
6909
736937
1037662
845092
478687
68304
440558
900873
1311325
1681274
877375
269211
116908
4023
2095650
440558
1141471
596985
1541012
307293
1071623
1290438
1475978
1919155
2587023
311966
2682142
241013
645128
2896321
2907920
2354107
1292348
2545784
3075187

368264
1899801
1899801
2083216
2077394
3191481
586057
840992
1827600
1927972
2877241
2500951
1899801
3388817
1004301
1526963
661519
3564271
1290438
3443596
1162141
3090301
17034
416782
121540
2284221
515028
2666289
2430032
3815677
3074564
616460
3780453
1927972
3817250
752261
3807729
1740065
1395480
4071096
2200675
3754223
2111754
369450
2289964
1804251
1983495
4402721
3386109
1703536
3723423
3834652
4593267
4142924
4751603
14860
846566
4973153
1101001
14860
1178454
5190019
2031180
5154263
4142924
2209511
4605105
4487286
5484895
1101001
5470921
5534094
3368201
4100891
1632887
14860
4561887
2883245
5763524
1417063
5767681
618352
3059385
5696946
5696946
5946557
1141471
5386374
3368201
3111051
5043289
6047952
4057102
6022656
4100891
1483604
814662
2638371
1771055
5245033
2015579
3436922
6022656
5459321
1466201
4057102
3323096
4621872
134554
6630084
2762128
6207052
4513509
1427124
89766
4577640
4057102
6571733
3323096
4621872
134554
6630084
2762128
6207052
4513509
1427124
89766
4577640
4057102
6571733
7327833
5283629
3368201
1329652
607407
7359094
5649326
7494166
225074
4709300
7215838
1329652
6622587
16007
4343520
5843430
214671
3015188
2430669
1252334
8396518
794749
794749
338904
7478597
6700019
2648679
9225659
8631381
1475331
1598163
1598163
1480131
4927891
6059867
2584754
878532
8400707
3515931
865150
434551
7735711
4402721
6446479
9772636
8653951
9913960
8078317
9125195
315052
1033581
6356744
7640269
4563900
7640269
4739800
9939363
2096986
10338937
6271889
10497716
669576
9752282
7019597
168986
3410010
930640
5820440
10728915
7582247
1475978
1513180
2684539
1098827
10888308
501717
4593267
8078317
1714692
2785528
1883304
1312382
7478597
9428851

8123906
11004853
9513106
11224588
2522207
10135377
168986
11315464
6110094
4431643
3518383
560648
980442
4967403
1870232
11880191
1397944
11727918
4967403
1039753
65863
1187220
645128
3132844
10475628

9716597
669576
3694234
2858170
2261538
4205909
14860
12575879
2785528
12625713
3723423
168986
168986
10299721
12345656
5748328
9074760
752976
3662543
2670348
5494370
5271927
11155761
1553090
12919671
2031180
1630963
10245581
13341518
644010
10245581
10245581
2819922
12653751
13649082
2452809
6950434
14150462
1141575
3240596
8170192
12491175
14393739
7657958
14688305
8043090
4581301
14759169
14486419
9277550
1687119
12570891
14818802
3344853
3066309
882003
1866300
7211502
1727370
6039995
1466970
9072753
5500589
4117728
5470596
4902099
27678
2104697
16646868
4989451
9989141
4967403
11134583
11936229
14716605
6110094
17371006
2472827
2027196
17591038
