48137835
57568938
64843801
33395761
1027460
21657278
65133982
26807673
70230287
69525370
49226416
60082900
25185476
41650473
20779191
48549454
59462641
60375692
36190693
45398726
60810377
51023233
34470137
66150505
15599741
49121546
33260205
46465908
54167315
32081593
50203306
3271018
25174645
19889148
23634960
64478361
52963674
24996105
32597149
28501330
51823413
41724363
62133421
39354052
56970006
34812896
56750328
45267685
51611129
52990743
19894433
21035211
47901638
53237093
35033032
54066668
41754745
20434191
51425069
58670386
69559746
37424512
34582497
53613013
34113238
54556420
33570151
41764142
32026716
43789817
15524630
23735596
51331639
17410904
24267993
31754875
25153423
4359061
54225237
26661151
65219355
63819683
52789041
27732957
20324420
22235592
24742504
69700981
12483533
69019583
21467525
61225311
37410779
48557412
39841866
7295736
61655638
21506507
35484971
12666409
54273915
41080636
34503416
47719243
61277926
57550329
47475409
57455124
53939190
53728861
27022738
35024024
19868780
16537096
53585255
39855376
21149578
60657202
60032006
23242578
35759510
41272703
65979498
28450536
36691088
33453961
53121168
59245127
58951555
55837280
66423738
54595238
8737814
23875869
16978220
69794580
40093486
60649079
14933653
21505275
35530101
61546581
32988850
64966785
11069389
57499584
39867143
60303887
36435715
55740265
59473987
61054855
67764997
10687971
55474761
55563092
37673354
28909945
25219783
41075677
48603804
43703784
48475418
51887950
65496661
46632750
64792394
17720837
58358980
20928942
50203140
48848599
68095903
53226584
69262903
33265128
41430662
37425426
4359039
65118028
31507923
65361590
70200792
25344516
58085787
53123121
65020609
36208035
30640671
65368627
55009808
35768838
1027458
58947850
41868368
16378017
45528409
23571875
26484776
13493939
61120511
19195767
16725027
49281947
45746878
34682045
35033831
40451154
52560467
29460225
69517945
59687011
67259939
70121268
6056338
52106681
59812630
48380857
4524111
14166964
67369247
61455049
21607031
68128276
69649954
63432587
60835674
25827521
49535098
28825798
56507333
57875604
61121144
19951359
54158227
56772243
24758754
55563201
24420675
54206070
56117309
23531356
68460095
22297863
38708913
60065443
60986629
58749107
61573206
3497740
40713161
52224684
63831703
30382989
60800719
21919499
69922245
48617982
36561669
43455977
26920512
59977449
39667998
58955278
33325411
52261636
65362940
33693995
17394825
23194097
61919861
62617948
47358047
68371366
36744053
31935263
24759886
36174060
37333268
69312975
29652157
59706852
34597599
52856558
31166790
58042988
44078453
50504426
64428720
18415021
22135948
30092615
19893013
36270201
50179256
18175521
58567143
8087366
35025402
21464832
59513124
43824307
57924560
25580526
8124544
22138528
50279664
42388182
37332650
51088121
35843096
22643927
27192363
51640003
4359054
8087796
43418731
57550576
54752633
17552715
56085530
66946427
48566767
66189433
54312099
40623487
43286729
21199851
49191686
51408145
58207225
34959006
27918518
15522215
24760569
57851179
36205031
37585008
24273173
29984108
25153311
8819664
55400788
