1605
3954
6706
8278
8600
8978
10228
12208
13137
14050
14169
14304
14352
16155
18097
18304
18795
18875
19093
19327
19541
19710
20300
20464
20551
20912
21231
24751
25180
25615
25785
26439
26492
26952
28137
28138
28613
29137
29140
30335
31109
31422
31790
31796
31798
33809
33834
34070
36005
36078
36134
37714
38754
39841
40316
42974
43486
43565
43628
44154
44510
44892
45941
45942
46294
46361
47381
47503
48493
48544
48654
48694
48990
49155
49319
49691
50135
51810
51936
52070
52241
52925
54093
54686
55045
55265
55266
55765
55894
55910
56049
56734
57562
57867
58256
58283
60631
60841
61141
61602
62338
62458
63466
64833
64932
65462
65929
66106
66196
67493
69026
69644
69785
70970
70985
71141
71369
71618
71995
72757
74718
74785
75014
75259
75312
75454
76182
76256
77181
77351
77525
77972
78269
78373
78395
78405
78647
79317
79570
79740
79894
80228
80606
80658
81271
81975
82026
83305
83327
83936
84126
85036
85132
85478
85940
86807
86902
