162
201
215
480
483
720
777
1447
1816
3978
6448
6662
6725
8036
8617
9314
9539
9630
9767
10407
10534
13135
13260
13267
14055
16003
17025
17255
17504
17614
18116
18221
18281
19007
19109
19457
20885
20913
21189
21257
21554
21592
22175
22357
22408
22739
23279
23742
25272
25280
25727
29060
29644
30354
30709
31263
31506
32272
32358
32575
33039
33317
33584
34514
35257
36480
37340
37727
38542
39514
40174
41863
43561
43738
43901
43983
45499
46017
46270
47455
48446
48548
48771
49261
49293
49302
49320
50682
52585
52689
55516
56667
56805
57798
58314
60282
60865
60892
61130
61306
61477
61804
62238
63116
63357
65502
65794
65816
65960
67155
68437
68471
68873
69577
69663
70083
70949
70967
71425
71522
72078
72696
73263
74704
75610
75937
76183
76241
76380
77364
77629
78070
78983
79160
80158
80289
80451
80731
81112
81461
81464
82124
83308
84423
84451
84623
84823
85288
85328
85400
85518
86238
