86
65
46
304
304
37
470
84
1429
983
3727
60
630
497
313
6381
630
6429
4710
220
7282
3626
7647
7899
595
8083
4169
3925
6936
2902
10201
7859
7859
8033
7508
4137
10794
11433
11165
10794
3917
313
368
10794
10214
6826
14631
15045
15032
3917
3917
10214
13432
15745
3917
4143
3917
16146
13432
12076
10214
2926
10794
2926
18524
13432
13432
6628
17280
18754
14737
3917
4143
14737
10794
16299
3917
19886
11763
8033
7508
10794
7508
18851
7508
13355
23841
24008
24144
4143
13594
10794
26389
7508
12097
7508
27440
10794
3917
13995
16085
28033
28033
8033
7642
28488
28768
10394
10794
16085
14649
6936
3917
10214
4143
23841
6628
313
14737
31694
27957
7508
33264
19867
13425
33946
10214
10394
6936
29796
35709

31694
10394
31694
16206
4143
37521
7508
19409
4143
10394
38850

359


359
39611
7508
7508
30005
40664
38949
38949
10794
41647
40664
7508
41981
7508
10394
37857

42279
7508
7508
28033
31038
45683
45743
45984
7508
46497
972
30175
7508
45742
19013
7508
6936
30198
48973
48568
23616
49337
27653
40986
50099
50170
50258
7508
51060
4143
37622
33999
30198
50887
30198
37293
53052
52137
53255
34401
53424
27653
53837
50339
54147
53837
52854
30412
54511
37622
31105
37523
55497
21371
31105
2967
37523
55239
313
30341
57089
31105
37523
49956
4143
42015
58428
59290
59195
16780
7508
313
60381
7508
10285
60612
31105
7508
10285
10285
61533
61703
61898
40318
62045
10285
59762
42539
20245
62921
42015
11957
63277
63297
10285
64075
65355
4143
64006
7508
40318
64075
64075
61851
7727
4143
37622
65140
66926
67075
60431
10187
68120
40646
51226
66535
2881
68310
40030
2881
69202
63264
63264
4143
69863
70020
19409
31105
31105
70017
31105
7508
7727
71307
70044
70581
28456
46852
10285
66176
69682
23841
313
73341
73732
39683
70901
72815
61086
49068
77132
71628
31668
7508
4527
31668
68310
39978
7508
78339
37622
77515
68310
7508
58962
81607
