56734
50135
43738
6725
8278
21554
61602
75014
13260
61130
33039
60282
77351
80228
29644
39841
85518
23742
30335
63466
23279
79570
14169
14304
75312
78647
75454
40174
55894
19541
74704
57867
31109
8617
45942
45941
21189
84623
33809
52585
72078
56805
54686
84451
20912
61141
1447
69026
43486
18281
48548
720
77364
44154
25272
21592
84823
76183
85036
62338
37727
80289
71995
19093
55765
6448
68437
57562
66196
31422
47455
79160
29060
85478
19457
42974
48544
31263
21257
9767
39514
80451
32272
43565
69785
64932
49302
81461
64833
85328
54093
22357
76241
31790
72757
17255
32575
1816
81464
3978
65929
56049
1605
9630
69663
31796
70970
81271
61306
69644
480
80658
8600
65794
81975
20464
49691
78395
18875
79317
28138
60865
3954
25727
56667
46270
80606
49261
35257
49293
79894
47381
71522
43561
57798
10228
36078
44892
19327
17025
28613
36480
78269
10534
30354
8978
9314
84126
55045
82124
63357
71369
52241
83308
49155
75937
14055
61477
40316
17614
13137
13135
85940
55266
50682
60631
33834
20551
86902
79740
33584
18097
14050
73263
48446
68873
83305
36005
55516
215
85288
70967
86238
24751
21231
52925
38542
34070
18304
74718
62458
29137
36134
46294
201
67155
74785
77629
6662
65816
10407
29140
33317
78983
80158
26439
49320
22408
48694
83327
78373
71141
20913
13267
48493
38754
16003
44510
84423
58314
6706
22175
65960
52070
32358
37714
85400
70949
43628
19109
8036
52689
86807
58256
16155
69577
25280
48654
47503
18795
9539
19710
12208
62238
777
70083
60841
76256
28137
76380
43983
68471
41863
83936
483
72696
46017
22739
75259
65462
162
70985
25180
58283
66106
25615
26952
31506
51810
60892
75610
80731
18221
17504
34514
63116
46361
55910
77972
19007
43901
55265
18116
71618
67493
78405
31798
37340
85132
14352
48990
20885
77181
25785
48771
20300
78070
26492
45499
49319
82026
61804
77525
71425
76182
51936
65502
81112
30709
